M 16 2 10 15 15 15
M 16 2 0 12 12 11
M 15 2 0 16 18 19
M 15 2 0 14 15 15
M 15 1 2 14 14 14
M 15 2 2 10 10 11
M 15 3 0 14 16 16
M 17 1 16 6 5 5
M 16 1 4 8 10 10
M 15 2 0 13 14 15
M 15 1 0 12 15 15
M 16 2 2 15 15 16
M 16 2 0 13 13 12
M 15 1 2 12 12 11
M 15 1 4 15 16 15
M 16 2 4 11 11 11
M 16 2 16 10 12 11
M 15 2 0 9 11 12
M 15 2 0 17 16 17
M 15 2 0 17 16 16
M 15 2 0 8 10 12
M 16 1 0 12 14 15
M 15 3 2 15 16 18
M 16 3 7 15 16 15
M 15 1 8 12 12 12
M 15 2 2 19 18 18
M 15 1 0 8 8 11
M 16 4 4 19 19 20
M 15 2 2 15 15 14
M 15 1 6 11 11 10
M 15 2 4 14 15 15
M 15 2 2 9 10 9
M 15 4 4 13 13 12
M 16 4 0 13 15 15
M 15 4 0 10 10 10
M 16 1 2 12 12 14
M 15 2 6 9 9 10
M 15 4 8 11 11 10
M 17 1 2 8 8 10
M 15 1 2 10 12 12
M 15 3 4 11 10 11
M 15 2 4 15 15 15
M 16 2 12 11 10 10
M 16 2 18 8 6 7
M 15 4 6 11 13 14
M 16 1 2 11 15 15
M 16 1 14 7 7 5
M 16 3 0 16 17 17
M 15 1 4 10 13 14
M 15 2 0 16 18 18
M 16 3 2 16 18 18
M 15 4 6 10 13 13
M 15 1 6 18 19 19
M 15 1 10 18 19 19
M 15 2 8 9 9 9
M 16 2 2 15 15 16
M 15 2 2 11 13 14
M 16 1 0 13 14 13
M 17 2 20 9 7 8
M 15 1 6 14 13 13
M 15 4 6 16 14 15
M 16 1 18 14 11 13
M 15 1 0 13 13 12
M 18 1 0 7 4 0
M 16 1 8 18 18 18
M 15 2 0 9 0 0
M 17 2 0 10 0 0
M 16 2 0 14 12 12
M 15 4 0 7 9 0
M 16 1 8 9 9 9
M 17 1 0 5 0 0
M 16 1 0 7 6 0
M 15 1 0 8 9 10
M 18 1 0 6 5 0
M 16 1 6 12 13 14
M 19 1 0 5 0 0
M 15 2 2 11 8 8
M 17 1 8 16 12 13
M 16 1 2 17 15 15
M 16 2 4 10 12 12
M 17 1 0 7 6 0
M 15 2 6 5 9 7
M 16 1 0 7 0 0
M 17 1 2 10 10 10
M 17 2 0 5 8 7
M 16 1 16 12 11 12
M 16 2 4 10 10 10
M 16 1 0 6 5 0
M 16 2 2 13 15 16
M 17 2 0 13 11 10
M 17 2 4 10 9 9
M 17 2 4 6 5 6
M 16 1 10 10 8 9
M 17 2 4 10 10 11
M 16 2 10 9 8 8
M 16 2 2 12 13 12
M 17 2 12 12 12 11
M 16 1 2 11 12 11
M 16 2 0 15 15 15
M 17 2 4 8 9 10
M 17 2 12 7 8 8
M 16 1 8 8 9 10
M 16 1 0 13 14 14
M 17 1 4 17 15 16
M 16 1 8 9 9 10
M 17 2 13 12 12 13
M 18 2 15 6 7 8
M 18 2 13 6 6 8
M 18 2 0 12 13 13
M 17 2 2 12 11 12
M 18 2 14 10 8 9
M 17 2 4 11 11 11
M 17 2 14 11 9 9
M 16 2 2 14 13 13
M 16 2 18 9 7 6
M 16 3 10 11 9 10
M 17 2 4 14 13 13
M 18 2 0 7 7 0
M 17 2 14 12 12 12
M 17 2 2 10 11 12
M 16 1 0 6 0 0
M 16 1 0 13 12 12
M 16 1 6 18 18 18
M 17 1 4 12 12 13
M 22 1 16 6 8 8
M 18 2 8 3 5 5
M 16 1 0 13 15 15
M 18 1 0 6 8 8
M 16 2 6 7 10 10
M 18 1 4 6 9 8
M 16 1 0 8 9 8
M 17 1 0 8 12 12
M 17 1 2 7 9 8
M 19 2 12 11 11 11
M 18 2 8 15 14 14
M 18 2 2 8 8 8
M 18 3 1 13 12 12
M 18 2 13 17 17 17
M 17 2 2 9 9 10
M 18 2 10 10 9 10
M 17 2 2 15 14 14
M 18 1 22 9 9 9
M 18 1 8 10 11 10
M 17 1 30 8 8 8
M 17 1 19 11 9 10
M 17 2 2 12 10 11
M 18 3 6 15 14 14
M 18 2 9 15 13 15
M 18 2 11 12 11 11
M 18 3 8 14 13 14
M 17 1 4 14 12 11
M 18 1 5 16 15 16
M 17 1 0 11 11 10
M 19 2 20 15 14 13
M 20 1 0 17 18 18
M 19 1 38 8 9 8
M 19 2 0 15 12 12
M 19 2 3 13 11 11
M 18 3 3 9 12 11
M 17 1 3 14 15 16
M 17 1 8 11 10 10
M 18 4 2 9 8 8
M 18 2 0 10 10 0
M 18 2 11 16 15 15
M 18 3 9 16 15 16
M 18 3 0 10 10 9
M 99 12 0 10 10 0
M 99 12 0 10 10 0
M 99 12 0 10 10 0
M 99 12 0 10 10 0
M 16 2 10 15 15 15
M 16 2 0 12 12 11
M 15 2 0 16 18 19
M 15 2 0 14 15 15
M 15 1 2 14 14 14
M 15 2 2 10 10 11
M 15 3 0 14 16 16
M 17 1 16 6 5 5
M 16 1 4 8 10 10
M 15 2 0 13 14 15
M 15 1 0 12 15 15
M 16 2 2 15 15 16
M 16 2 0 13 13 12
M 15 1 2 12 12 11
M 15 1 4 15 16 15
M 16 2 4 11 11 11
M 16 2 16 10 12 11
M 15 2 0 9 11 12
M 15 2 0 17 16 17
M 15 2 0 17 16 16
M 15 2 0 8 10 12
M 16 1 0 12 14 15
M 15 3 2 15 16 18
M 16 3 7 15 16 15
M 15 1 8 12 12 12
M 15 2 2 19 18 18
M 15 1 0 8 8 11
M 16 4 4 19 19 20
M 15 2 2 15 15 14
M 15 1 6 11 11 10
M 15 2 4 14 15 15
M 15 2 2 9 10 9
M 15 4 4 13 13 12
M 16 4 0 13 15 15
M 15 4 0 10 10 10
M 16 1 2 12 12 14
M 15 2 6 9 9 10
M 15 4 8 11 11 10
M 17 1 2 8 8 10
M 15 1 2 10 12 12
M 15 3 4 11 10 11
M 15 2 4 15 15 15
M 16 2 12 11 10 10
M 16 2 18 8 6 7
M 15 4 6 11 13 14
M 16 1 2 11 15 15
M 16 1 14 7 7 5
M 16 3 0 16 17 17
M 15 1 4 10 13 14
M 15 2 0 16 18 18
M 16 3 2 16 18 18
M 15 4 6 10 13 13
M 15 1 6 18 19 19
M 15 1 10 18 19 19
M 15 2 8 9 9 9
M 16 2 2 15 15 16
M 15 2 2 11 13 14
M 16 1 0 13 14 13
M 17 2 20 9 7 8
M 15 1 6 14 13 13
M 15 4 6 16 14 15
M 16 1 18 14 11 13
M 15 1 0 13 13 12
M 18 1 0 7 4 0
M 16 1 8 18 18 18
M 15 2 0 9 0 0
M 17 2 0 10 0 0
M 16 2 0 14 12 12
M 15 4 0 7 9 0
M 16 1 8 9 9 9
M 17 1 0 5 0 0
M 16 1 0 7 6 0
M 15 1 0 8 9 10
M 18 1 0 6 5 0
M 16 1 6 12 13 14
M 19 1 0 5 0 0
M 15 2 2 11 8 8
M 17 1 8 16 12 13
M 16 1 2 17 15 15
M 16 2 4 10 12 12
M 17 1 0 7 6 0
M 15 2 6 5 9 7
M 16 1 0 7 0 0
M 17 1 2 10 10 10
M 17 2 0 5 8 7
M 16 1 16 12 11 12
M 16 2 4 10 10 10
M 16 1 0 6 5 0
M 16 2 2 13 15 16
M 17 2 0 13 11 10
M 17 2 4 10 9 9
M 17 2 4 6 5 6
M 16 1 10 10 8 9
M 17 2 4 10 10 11
M 16 2 10 9 8 8
M 16 2 2 12 13 12
M 17 2 12 12 12 11
M 16 1 2 11 12 11
M 16 2 0 15 15 15
M 17 2 4 8 9 10
M 17 2 12 7 8 8
M 16 1 8 8 9 10
M 16 1 0 13 14 14
M 17 1 4 17 15 16
M 16 1 8 9 9 10
M 17 2 13 12 12 13
M 18 2 15 6 7 8
M 18 2 13 6 6 8
M 18 2 0 12 13 13
M 17 2 2 12 11 12
M 18 2 14 10 8 9
M 17 2 4 11 11 11
M 17 2 14 11 9 9
M 16 2 2 14 13 13
M 16 2 18 9 7 6
M 16 3 10 11 9 10
M 17 2 4 14 13 13
M 18 2 0 7 7 0
M 17 2 14 12 12 12
M 17 2 2 10 11 12
M 16 1 0 6 0 0
M 16 1 0 13 12 12
M 16 1 6 18 18 18
M 17 1 4 12 12 13
M 22 1 16 6 8 8
M 18 2 8 3 5 5
M 16 1 0 13 15 15
M 18 1 0 6 8 8
M 16 2 6 7 10 10
M 18 1 4 6 9 8
M 16 1 0 8 9 8
M 17 1 0 8 12 12
M 17 1 2 7 9 8
M 19 2 12 11 11 11
M 18 2 8 15 14 14
M 18 2 2 8 8 8
M 18 3 1 13 12 12
M 18 2 13 17 17 17
M 17 2 2 9 9 10
M 18 2 10 10 9 10
M 17 2 2 15 14 14
M 18 1 22 9 9 9
M 18 1 8 10 11 10
M 17 1 30 8 8 8
M 17 1 19 11 9 10
M 17 2 2 12 10 11
M 18 3 6 15 14 14
M 18 2 9 15 13 15
M 18 2 11 12 11 11
M 18 3 8 14 13 14
M 17 1 4 14 12 11
M 18 1 5 16 15 16
M 17 1 0 11 11 10
M 19 2 20 15 14 13
M 20 1 0 17 18 18
M 19 1 38 8 9 8
M 19 2 0 15 12 12
M 19 2 3 13 11 11
M 18 3 3 9 12 11
M 17 1 3 14 15 16
M 17 1 8 11 10 10
M 18 4 2 9 8 8
M 18 2 0 10 10 0
M 18 2 11 16 15 15
M 18 3 9 16 15 16
M 18 3 0 10 10 9
M 99 12 0 10 10 0
M 99 12 0 10 10 0
M 99 12 0 10 10 0
M 99 12 0 10 10 0
