M 18 1 10 11 13 13
M 19 2 8 8 7 8
M 17 2 2 13 13 13
M 18 1 7 8 7 8
M 19 1 4 8 8 8
M 17 2 4 13 11 11
F 18 2 0 10 9 9
F 17 2 4 12 13 13
F 17 2 2 12 12 11
M 18 1 4 10 10 10
F 18 3 0 18 16 16
F 18 2 0 13 13 13
M 18 2 2 13 12 12
F 18 2 0 11 11 10
F 17 2 0 16 15 15
F 17 2 0 12 11 12
M 18 2 4 10 10 10
M 18 3 0 13 13 13
F 17 1 0 7 6 0
F 18 1 0 11 10 10
F 18 2 10 14 12 11
F 19 2 4 7 7 9
M 18 1 3 14 12 12
F 17 3 8 13 11 11
F 17 1 14 6 5 5
F 18 3 0 19 18 19
F 18 3 2 8 8 10
F 20 3 4 15 14 15